02020002711
01097004700
01097004800
01097004400
01051030800
01101005602
01125010803
01055011100
01117030319
01055001000
05119002403
04013071503
04013103501
04013103217
04013112900
04013116710
04015952900
04019000200
04013421700
04013421801
04013422609
04013522746
04013216827
04013216824
06081610602
06001440305
06085506604
06085507402
06085506203
06085512506
06019003806
06019004206
06107002004
06083002603
06083002703
06001408200
06013321101
06077003308
06077002200
06067004005
06067007100
06067002800
06067005201
06099000601
06099000301
06101050400
06037576200
06037574202
06111003500
06037275311
06037265301
06037261200
06037134103
06037132000
06037128303
06037106605
06037104620
06037301602
06037431001
06037541100
06037240700
06037239800
06037534403
06037571800
06037221710
06037211410
06037191620
06037181500
06037205120
06037553901
06037554801
06037550900
06037408503
06059021807
06071002204
06065041201
06065031401
06059075806
06059032049
06065042712
06073005600
06073002905
06073002601
06073017026
06073017006
06029002819
06029002900
06107004500
08005006808
08013012105
08031002902
08031005104
08005007703
08001007800
09001060800
09001070200
09001070900
09001081200
11001003600
11001007709
12091021500
12031001200
12095016712
12031013300
12057014105
12103025120
12103027309
12057011513
12057011802
12115000900
12115001302
12105015402
12099000700
12099007615
12086000111
12086008801
13215002300
13135050202
13089021302
13135050518
13089023107
15003008909
15003006808
15003011000
15003000600
19153000103
16001000302
17073031000
17167000202
17143002800
17113001103
17115002200
17043846001
17043841305
17031170300
17031150600
17031190200
17031815200
17097863100
17031610300
17031271000
17031351500
17031071000
17031070500
17031080500
17031360400
17031360200
17031819100
17031825504
17031672000
17031611900
17031410400
18165020100
18089020900
18157010901
18097341901
18097352400
18097321400
18039001600
18033020600
20173009700
20173003500
20173006100
20173008300
20091052102
20091050800
21047201400
21111004600
21111009103
21067003600
21067002000
21067003402
22015011104
22073000700
22109000500
22033000500
22071012500
22071010600
22071010200
22071000606
25015821901
25017322200
25009223300
25017338500
25025080100
25021416300
25025101101
25025092200
25017357300
24033800510
24033800703
24031700610
24031700805
24510240100
24510280403
24510271700
24510160300
24510270501
24005451900
23005002502
23001010400
23031006100
26021020900
26077001100
26121000602
26065001400
26065004000
26025000600
26075005000
26163556500
26017285100
26049013111
26125190600
26125140800
26099260700
26163524800
26163506400
27027030106
27145011100
27141030401
27053023502
27053003300
27003050605
27123040803
27123041900
27003050110
27123034500
29095001800
29021001100
29189214200
29510105400
29510104500
28089030204
30013010600
30111001500
37119001702
37119005605
37081012610
37063001303
37063001503
37183051100
31109000900
31109001200
31153010605
31055006805
33011010100
33011002600
34033022201
34015501210
34001010402
34037372900
34027045602
34005701600
34025801100
34039033500
34013009100
34013000700
34031180300
34017000600
34017000700
35001003201
35001000401
32031002802
36063023000
36029003301
36029000800
36067002900
36015000100
36071000200
36085021900
36085002700
36005014300
36061011203
36061015002
36061019900
36061016800
36005039600
36119002103
36005044600
36081014100
36081028300
36081035500
36081036100
36081087100
36081086700
36081086500
36081086100
36081085500
36081117500
36047064200
36047054400
36047007700
36047048400
36047022800
36047019200
36061002602
36047024300
36047051800
36047020500
36047023100
36047030700
36081012200
36081002600
36081021400
36081019402
36081026200
36081004002
36081092800
36001014608
36001001100
36083040400
36081061602
36081049200
36059405100
36059411500
36059520800
36079010300
36103147802
36103158310
39061009901
39061020502
39061000100
39061002300
39165032007
39097041100
39049007030
39049007131
39049008811
39049005810
39129021200
39095008000
39095004400
39173022200
39033974600
39035112200
39035186205
39085205702
39035121900
39099802800
40109106915
40109103700
40131050105
40143007632
40143009007
41051006801
41051003502
41067032104
41067030502
41047001701
42003474201
42003192000
42003477300
42003488100
42021001400
42071000800
42079210100
42069101900
42011001300
42029300500
42095015202
42045408300
42101010500
42101023400
42091202500
42101020500
42101028100
42017100307
44007011500
44007002200
45003021201
45077010300
45077011101
45045003802
45035010602
45085000300
45051070300
47157002200
47157010620
47157010810
47157021721
47037013400
47037013800
47037012500
47037011600
47037010402
47165020100
47037019106
47009010200
47009011200
48141001900
48439105406
48439101401
48439113512
48439122900
48113003700
48113018120
48113018600
48113018111
48113018129
48085031620
48469001502
48355005000
48355005401
48355002701
48215020802
48061012613
48029160100
48029130300
48027020300
48493980101
48491021401
48453001768
48453001750
48201450700
48157671100
48201413200
48201431500
48201332600
48201340500
49035113505
49049000204
49049010205
51191010300
51023040100
51770001800
51590000300
51145500101
51041100206
51041100915
51095080301
51650010200
51800065500
51550020501
51810040802
53033020600
53033002500
53033007700
53011041009
53033030304
53053063400
53033029504
53063013900
55073001900
55079000800
55079020000
55079017400
55079004100
55079006600
55117010700
54107010502
